0.169797
-0.003445
-0.084273
-0.268973
0.441100
-0.135384
-0.150163
0.080305
-0.143381
-0.004732
0.030392
-0.117463
-0.129161
0.002571
0.347497
0.129718
0.451906
0.318833
-0.234449
-0.163662
-0.173321
0.022234
-0.012459
-0.182383
-0.009640
-0.096485
0.004034
-0.036439
0.142078
-0.178458
0.226108
-0.023392
0.065083
-0.284970
-0.097706
0.377844
0.329682
0.156865
-0.066331
-0.119989
-0.175642
-0.049714
0.089946
-0.107708
0.014978
0.265024
0.208478
-0.105013
-0.112186
0.146290
-0.349746
-0.237449
0.002712
0.326328
-0.095192
0.095586
0.239692
-0.236942
0.197850
-0.117647
-0.078063
0.368366
-0.048751
-0.026896
0.021044
0.189584
-0.185656
-0.118410
-0.089849
-0.012690
-0.036772
0.183868
0.168446
0.062872
-0.184663
-0.285674
-0.174493
-0.204380
0.179505
-0.073283
0.358536
0.060830
-0.107155
-0.183003
